4 4 9 0
    1   0.5911557823662097E-04   0.3221505896904584E+01   0.0000000000000000E+00  0  0  0  0  0  0  0  0
    2   0.1655363859165119E-03   0.1556643393089241E+01  -0.5376315279689470E+00  0 -1  0  2  0  0  0  0
    3   0.3529922124449878E-04   0.2632866665182736E+01  -0.1754676234867099E+00  0  0  0  0  0  0  0  0
    4   0.2754688236937855E-04   0.7961878954263457E+00  -0.1260994960410540E+01 -1  0  2  0  0  0  0  0
    5   0.2282739732511724E-04   0.6135349401370048E+01  -0.8931239595284827E-02  0  0  0  0  0  0  0  0
    6   0.1269228313121738E-04   0.1482534195440534E+01  -0.1171949583521899E+01 -1  0  2  0  0  0  0  0
    7   0.1268342612853373E-04   0.3251434249001951E+01  -0.1350040337299180E+01 -1  0  2  0  0  0  0  0
    8   0.2655183882413472E-05   0.2168880495454724E+01  -0.1082904206633259E+01 -1  0  2  0  0  0  0  0
    9   0.2629764340505144E-05   0.5706680602577554E+01  -0.1439085714187821E+01 -1  0  2  0  0  0  0  0
