5 4 9 0
    1   0.4206563248738731E-03   0.3221497379548206E+01   0.0000000000000000E+00  0  0  0  0  0  0  0  0
    2   0.2970532433280590E-02   0.2626878648804450E+01  -0.1754676234867099E+00  0  0  0  0  0  0  0  0
    3   0.1787509410723081E-03   0.6204551285275548E+01  -0.8931239595284827E-02  0  0  0  0  0  0  0  0
    4   0.2723114438070935E-04   0.6085981723978948E+01   0.4265982401557260E+00  0  0  0  0  0  0  0  0
    5   0.2414440346500943E-04   0.5096853638619743E+01  -0.2132991200778630E+00  0  0  0  0  0  0  0  0
    6   0.9525093659923903E-05   0.5044236237492881E+01  -0.1925543592528062E-02  0  0  0  0  0  0  0  0
    7   0.3807917651740949E-05   0.1070489829428804E+01   0.6398973602335890E+00  0  0  0  0  0  0  0  0
    8   0.3291355004303486E-05   0.4446713203128226E+01   0.2132991200778630E+00  0  0  0  0  0  0  0  0
    9   0.2944165615658908E-05   0.3500661322372421E+00  -0.4265982401557260E+00  0  0  0  0  0  0  0  0
