7 3 195
   0.1030661479148230E+00   0.3382691062696734E+01  -0.8924811235147779E-03
   0.2448184191185018E-01   0.2860542679094136E+01   0.2464623139167320E-04
  -0.2500610695618523E-02   0.5186368315238534E+01   0.8918058831584894E-02
  -0.1653120911968409E-02   0.1579013810154933E+01  -0.1070302107861445E-01
  -0.1121964769453605E-02   0.4761717868648896E+01   0.9784128390361700E-01
   0.7518101576911162E-03   0.2003664256744571E+01  -0.9962624615064656E-01
   0.2580134073493171E-03   0.3807341509286372E+01  -0.8981570619554689E-01
  -0.1702244907149874E-03   0.1999870042027707E+00  -0.1094367861057462E+00
  -0.1630491456609473E-03   0.2822098140111162E+00   0.1076518238587167E+00
   0.1502092233208532E-03   0.2958040616107096E+01   0.8803074394851733E-01
   0.1080722389283692E-03   0.4664219931635937E+01   0.9835186186491344E-02
   0.8563197359093362E-04   0.3904839446299331E+01  -0.1809608478421229E-02
  -0.7641879996400636E-04   0.5708516698841132E+01   0.8000931476678443E-02
   0.6410167941575658E-04   0.4025644203338189E+01  -0.1006097173943266E-02
  -0.6379700394998453E-04   0.2739737922055278E+01  -0.7788650730862894E-03
  -0.3738690787954837E-04   0.7068602606007541E+00   0.1872859878668457E-01
   0.3177451875567787E-04   0.4239569485046299E+01   0.9875841125852346E-01
   0.3067833613233151E-04   0.2101162193757531E+01  -0.1162014843352090E-01
   0.2732958451060629E-04   0.4346330094694096E+01   0.6652490226578010E-03
   0.2559468055750869E-04   0.5611018761828172E+01  -0.8000516624044722E-01
   0.2024562165367701E-04   0.1154363363565295E+01   0.7822020399341766E-01
  -0.2019380769983444E-04   0.1105388645792460E+01  -0.9814608072250240E-03
   0.2008621003222866E-04   0.5659993479601007E+01  -0.8035014398045319E-03
  -0.1811127409136190E-04   0.6058521864792713E+01  -0.2051356103371412E-01
   0.1235958412008419E-04   0.1056865426552336E+01  -0.9785893723707998E-02
   0.1166603449799361E-04   0.2510537513142555E+01   0.2853913874178424E-01
   0.1086995985899863E-04   0.4254844612250913E+01  -0.3032410098881379E-01
  -0.1043068210990957E-04   0.3285193125683774E+01  -0.8889857884064044E-01
   0.8240909734627314E-05   0.1976131306288398E-01  -0.9171174902330204E-03
  -0.8205019885615929E-05   0.4624355051510043E+00  -0.8678447567965355E-03
   0.7999837192197997E-05   0.1481515873141974E+01  -0.9870911879574012E-01
   0.7964077512935541E-05   0.2085887066552917E+01   0.1174623638138164E+00
   0.7236960740797404E-05   0.6043246737588099E+01   0.1085689512136231E+00
   0.7270826776415052E-05   0.2419052030699373E+01  -0.2450211269687357E-02
   0.6716695065274547E-05   0.4329489892888969E+01  -0.9073283355045334E-01
   0.6736625416531154E-05   0.4868478478296693E+01  -0.2518783322486501E-03
   0.5204438871550596E-05   0.4679495058840550E+01  -0.1192473260608459E+00
  -0.5207388474970705E-05   0.3703376954052640E+01   0.7788650730862894E-03
   0.5046334690770730E-05   0.9360606695134774E+00  -0.1058940502818596E-01
  -0.5035619025711394E-05   0.2221966950796389E+01  -0.1081663712904294E-01
  -0.4835154150013290E-05   0.8043581976137135E+00   0.1067346965038102E+00
  -0.4611548111165785E-05   0.4543415174597078E+01   0.9031674882013382E-02
   0.4448389546383381E-05   0.5829321455879990E+01   0.8804442781156406E-02
  -0.4153052701221075E-05   0.4222729283241172E+01   0.7360328685412315E-02
  -0.3876996622725754E-05   0.5633871418203075E+01   0.6840966403831800E-01
   0.3608611557983843E-05   0.7221353878053680E+00  -0.1103539134606527E+00
  -0.3113267226101596E-05   0.1131510707190392E+01  -0.7019462628534756E-01
  -0.2683799905115401E-05   0.3480188999709693E+01   0.8711361659361089E-01
   0.2540204369555767E-05   0.3889564319094716E+01   0.1272729037689160E+00
  -0.2530442498805404E-05   0.5283866252251494E+01   0.9692415654871056E-01
   0.2471798836623408E-05   0.1847118769981568E+00   0.1964572614159102E-01
  -0.2393809826972641E-05   0.1229008644203352E+01   0.1781147143177812E-01
   0.2322013871583706E-05   0.2875817806298750E+01  -0.1290578660159456E+00
  -0.2252919673323646E-05   0.4142071548033339E+01   0.1075231354139779E-01
  -0.2040203000028772E-05   0.5088870378225574E+01  -0.7908803888554077E-01
   0.1978250600690922E-05   0.6150007347235896E+01   0.1047578897775747E-01
  -0.1817067803131338E-05   0.3062005171340829E+01  -0.2563827320115845E-02
  -0.1760241959810971E-05   0.4426987829901929E+01  -0.2726735833327680E-02
   0.1708248552006820E-05   0.5584896700430240E+01  -0.1079200076232469E-01
  -0.1707373996050395E-05   0.3856316227059207E+01  -0.1061404139490420E-01
   0.1638819397704571E-05   0.1180485424963227E+01   0.9007038515295140E-02
  -0.1549153538011889E-05   0.5536373481190116E+01  -0.1959643367880767E-01
  -0.1594635824936384E-05   0.2909065898334261E+01   0.8829079147874648E-02
   0.1506189225615625E-05   0.3404472044187888E+00   0.7542287063680470E-03
   0.1387762233686380E-05   0.3503495819735592E+01  -0.8896981903681528E-04
  -0.1337929891212176E-05   0.2542652842152295E+01  -0.9145290932441870E-02
   0.1284796105929756E-05   0.6133167145430770E+01  -0.8092229359535366E-01
   0.1274183971113668E-05   0.5347170429497385E+00  -0.8868766368801548E-02
  -0.1082213439029503E-05   0.1988389129539956E+01   0.2945626609669069E-01
  -0.1083761451668346E-05   0.1676511747167893E+01   0.7730307663851121E-01
   0.1074660210279234E-05   0.2974849412157301E+00  -0.2143068838862057E-01
  -0.1060143973086585E-05   0.4225525337655237E+01  -0.1382622818201617E-03
  -0.1050457836219505E-05   0.1896903647096775E+01  -0.1533083914780906E-02
   0.1016870649805557E-05   0.2525812640347169E+01  -0.1005433735055530E+00
   0.9272030248231280E-06   0.4865682423882628E+01   0.7246712634983826E-02
   0.8522968078631408E-06   0.3032685896745151E+01   0.2762201138687778E-01
  -0.7513552848257232E-06   0.4776992995853510E+01  -0.3124122834372025E-01
  -0.7452690477984808E-06   0.2935187959732193E+01  -0.6038408633024787E-01
  -0.6901926058355343E-06   0.2435892232504499E+01   0.8894787130342378E-01
   0.3778282825702326E-03   0.6246374507924086E+00  -0.1983600111777784E+00
  -0.3775434250722031E-03   0.6140744674601058E+01   0.1965750489307488E+00
  -0.3597821116452316E-03   0.2615612979325803E+01   0.3940425789850124E+00
  -0.2927952161795262E-03   0.1236586173373641E+01   0.2953088139578806E+00
   0.2216814079711899E-03   0.5528795952019826E+01  -0.2970937762049101E+00
   0.1403880753848180E-03   0.4149769146067664E+01  -0.3958275412320419E+00
   0.1282680047161120E-03   0.2428314703334209E+01  -0.1885494712226787E+00
  -0.9843461962138636E-04   0.5104145505430188E+01  -0.2081705511328780E+00
   0.9302812855413870E-04   0.2770742340115502E+01  -0.4945613062591737E+00
   0.8608901766955960E-04   0.1049287897382047E+01  -0.2872832362498105E+00
  -0.6976234551437248E-04   0.3725118699478026E+01  -0.3069043161600098E+00
   0.6394074317345045E-04   0.5953446398609464E+01  -0.3860170012769422E+00
   0.6387046194265387E-04   0.1391715534163339E+01  -0.5932950712863055E+00
  -0.5338815029861825E-04   0.2346091893525864E+01  -0.4056380811871416E+00
   0.4908475624063901E-04   0.4574419592657302E+01  -0.4847507663040740E+00
   0.4811302148563021E-04   0.3994639785277966E+01   0.4927763440121442E+00
   0.4486679433374308E-04   0.1268872821117562E-01  -0.6920288363134373E+00
  -0.4178177074434045E-04   0.9670650875737010E+00  -0.5043718462142733E+00
  -0.3880672848400252E-04   0.8119357267840028E+00   0.3842320390299127E+00
   0.3819239194924841E-04   0.3195392786705140E+01  -0.5834845313312059E+00
  -0.3553990230264197E-04   0.5716094228011420E+01   0.2854982740027810E+00
   0.3415645857185234E-04   0.5373666591230129E+01   0.5915101090392759E+00
   0.3339668674029588E-04   0.4419290231867604E+01   0.4038531189401121E+00
  -0.3301162776329309E-04   0.5871223588801118E+01  -0.6031056112414052E+00
   0.3180628253542403E-04   0.4916847229438594E+01  -0.7907626013405691E+00
   0.3003432659990370E-04   0.1816365980752976E+01  -0.6822182963583376E+00
   0.2729633446248457E-04   0.1024890671898113E+00  -0.1974428838228719E+00
  -0.2629885713884026E-04   0.4492196782848956E+01  -0.7018393762685369E+00
   0.2473774782254921E-04   0.3040263425915440E+01   0.3051193539129803E+00
  -0.2417336169407593E-04   0.4337067422059258E+01   0.1867645089756491E+00
   0.2384156418867662E-04   0.4373391748008135E+00  -0.7809520613854695E+00
   0.2259673699575893E-04   0.3537820423486432E+01  -0.8894963663677009E+00
  -0.2109852115260203E-04   0.3113169976896794E+01  -0.8005731412956687E+00
   0.1902408812662748E-04   0.5341497676028232E+01  -0.8796858264126013E+00
   0.1706204149397460E-04   0.4231991955876010E+01  -0.1787389312675790E+00
  -0.1698064243423227E-04   0.1734143170944632E+01  -0.8993069063228005E+00
   0.1679462249970688E-04   0.2533390169517458E+01   0.1769539690205495E+00
   0.1603779600347512E-04   0.2158793617534270E+01  -0.9882301313948326E+00
   0.1519891681318009E-04   0.3962470870076070E+01  -0.9784195914397330E+00
   0.1379512640799549E-04   0.2852965149923847E+01  -0.2774726962947108E+00
  -0.1366561535006994E-04   0.3551163649924672E+00  -0.9980406713499322E+00
   0.1279090832954947E-04   0.4606588507859199E+01   0.9864451691478030E+00
   0.1243806749353366E-04   0.3464913872505078E+01   0.2161961288409481E+00
   0.1225216491402911E-04   0.3227561701907034E+01   0.8877114041206713E+00
   0.1225443721836814E-04   0.2370683279557469E+01   0.7880605117386331E+00
  -0.1221520345313342E-04   0.2190962532736164E+01   0.4829658040570445E+00
   0.1213225148001182E-04   0.2583444064123905E+01  -0.1077153356466865E+01
   0.1198327722769453E-04   0.1473938343971685E+01  -0.3762064613218426E+00
   0.1135648805958188E-04   0.7797668115821050E+00  -0.1086963896421964E+01
  -0.1098010740280340E-04   0.5259274866219886E+01  -0.1096774436377064E+01
   0.1069580937462716E-04   0.9491153801952202E-01  -0.4749402263489743E+00
   0.1067386083025773E-04   0.5798317037819767E+01   0.5025868839672437E+00
   0.9693581297810074E-05   0.5985615313811360E+01   0.1085178934174935E+01
   0.9678835539512692E-05   0.1204417258171743E+01  -0.1175887121493997E+01
   0.9562800946711422E-05   0.4999070039246940E+01  -0.5736739913761062E+00
   0.9468784690060410E-05   0.1848534895954872E+01   0.7889776390935395E+00
  -0.8797753682670658E-05   0.3880248060267724E+01  -0.1195508201404196E+01
   0.8599214007703230E-05   0.5618596290998461E+01   0.1974921762856553E+00
   0.8485093197565512E-05   0.3620043233294777E+01  -0.6724077564032379E+00
   0.7994800633732257E-05   0.5683925312809524E+01  -0.1185697661449096E+01
   0.7702743188457386E-05   0.6108575759399161E+01  -0.1274620886521128E+01
   0.7473079103968928E-05   0.2241016427342615E+01  -0.7711415214303697E+00
   0.7388692911769633E-05   0.3912416975469620E+01   0.2756877340476813E+00
   0.7144251731442444E-05   0.1081456812583942E+01   0.1183912699202067E+01
  -0.7043838984557596E-05   0.2501221254315563E+01  -0.1294241966431328E+01
   0.6782083637837408E-05   0.1921441446936226E+01  -0.3167148561151095E+00
   0.6750671838792509E-05   0.5424146409840631E+00  -0.4154486211422413E+00
   0.6651880335792781E-05   0.3300468252888388E+01  -0.2179810910879777E+00
   0.6570135525528793E-05   0.5446573142211480E+01  -0.5141823861693731E+00
   0.6551076448609189E-05   0.8619896213904532E+00  -0.8698752864575016E+00
   0.6445693456193227E-05   0.4843940678457241E+01   0.3149298938680800E+00
   0.6221700343295405E-05   0.4067546336259318E+01  -0.6129161511965049E+00
  -0.6210141308502555E-05   0.4516788168880564E+01   0.4918592166572376E+00
   0.6128034935351225E-05   0.4729548953446996E+01  -0.1373354651548260E+01
   0.5752222076851271E-05   0.2688519530307156E+01  -0.7116499162236366E+00
   0.5720920731236437E-05   0.5766148122617870E+01  -0.9686090514846332E+00
   0.5708438487292833E-05   0.4949016144640491E+01   0.6804333341113080E+00
  -0.5618758010321190E-05   0.1122194448363397E+01  -0.1392975731458459E+01
   0.5586433308293342E-05   0.4304898506857362E+01  -0.1284431426476228E+01
   0.5455429436394752E-05   0.2460483618536103E+01   0.1282646464229199E+01
   0.5234563142340540E-05   0.1309492724354994E+01  -0.8103836812507684E+00
   0.4976902542853610E-05   0.4387121316665708E+01  -0.1067342816511765E+01
   0.4951970227904307E-05   0.1661236619963279E+01   0.2063855888858485E+00
  -0.4950572722250481E-05   0.4581997121827591E+01  -0.2072534237779716E+00
   0.4864691847876214E-05   0.3350522147494835E+01  -0.1472088416575392E+01
   0.4711996026340074E-05   0.6213651225582409E+01  -0.9091174462779002E+00
   0.4647700174472706E-05   0.5006647568417229E+01  -0.2961766488500037E+00
  -0.4463536929701217E-05   0.6026352949590816E+01  -0.1491709496485591E+01
   0.4423835447429758E-05   0.3839510424488269E+01   0.1381380229256330E+01
   0.4297419749912965E-05   0.3008094510713546E+01  -0.1166076581538897E+01
   0.4206030088019200E-05   0.4834624419630248E+01  -0.1007851211305032E+01
  -0.4097668847161432E-05   0.2273185342544510E+01   0.7000544140215073E+00
   0.3894866749084315E-05   0.4695080900027104E+00   0.6902438740664076E+00
   0.3842326107820616E-05   0.1971495341542673E+01  -0.1570822181602524E+01
   0.3843534248051829E-05   0.2925871700905197E+01  -0.1383165191503360E+01
   0.3724216491694377E-05   0.3455597613678086E+01  -0.1106584976332164E+01
   0.3699201962974299E-05   0.1629067704761385E+01  -0.1264810346566029E+01
  -0.3538397263248576E-05   0.4647326143638654E+01  -0.1590443261512723E+01
   0.3531502882337352E-05   0.5218537230440430E+01   0.1480113994283462E+01
   0.3397352921611207E-05   0.7144377897710434E+00   0.2962259413127871E+00
  -0.6917942470086600E-05   0.1411763016727970E+01  -0.2060411181513110E-02
  -0.2954159247722890E-05   0.8888280929035790E+00  -0.1143316058513110E-02
   0.1283396500574140E-04   0.3810125383210770E+01   0.3084677457434440E-03
  -0.1541304650138550E-05   0.4333060307035160E+01  -0.6086273772565560E-03
  -0.1632299947318510E-04   0.2633068251148390E+01  -0.3084677457434440E-03
   0.2885109484385860E-05   0.2110133327324000E+01   0.6086273772565560E-03
  -0.8365240462865090E-05   0.5781567778031190E+01   0.1476430036256560E-02
   0.1927636081642950E-03   0.5031430617631190E+01   0.2060411181513110E-02
   0.8231557260635240E-04   0.5554365541455580E+01   0.1143316058513110E-02
   0.5173543661985320E-04   0.5354647806368810E+01   0.2755133995131110E-03
   0.2832059006428450E-05   0.4831712882544420E+01   0.1192608522513110E-02
   0.3269372364602020E-04   0.4281293457231190E+01   0.2644392326769670E-02
   0.1186021515881310E-04   0.4804228381055580E+01   0.1727297203769670E-02
   0.4042027917523730E-04   0.4348631061277680E+01   0.2953088117000000E+00
   0.1108533869996140E-04   0.2139088834397980E+00   0.1390853715947980E+01
   0.8801022040147010E-05   0.4066004967901901E+01  -0.2941408494094870E+00
