2 2 13 4
    0   0.7997716657090215E+00      0.1674867298497696E+04
    1   0.4496393702552367E-02   0.2342959364982154E+01   0.5659095156176798E+00  0  0  0  0  0  0  0  0
    2   0.3354575501528797E-02   0.4597833882505114E+01   0.1617016547228022E+01  0  0  0  0  0  0  0  0
    3   0.3106536996299520E-04   0.2912482457830643E+01   0.3234033094456044E+01  0  0  0  0  0  0  0  0
    4   0.2407327778886120E-04   0.4985440644756694E+01   0.4592033694415193E+03  0  1 -1  0  0  0  0  0
    5   0.2157848301674358E-04   0.3893533207807963E+01   0.1672712856276297E+04  0  2  0 -2  0  0  0  0
    6   0.2107499273982886E-04   0.5461033287440088E+00   0.9184067388830385E+03  0  2 -2  0  0  0  0  0
    7   0.1204571746494518E-04   0.3481858748969675E+01   0.1641006214897798E+03  0  2 -4  2  0  0  0  0
    8   0.1082902927586888E-04   0.2389951319910909E+01   0.1377610108324558E+04  0  3 -3  0  0  0  0  0
    9   0.6457229782189520E-05   0.4233799311077810E+01   0.1836813477766077E+04  0  4 -4  0  0  0  0  0
   10   0.5359800347726300E-05   0.1150736720732397E+01   0.3061886502424254E+04  0  2  0  0  0 -2  0  0
   11   0.4253124471669380E-05   0.1946766624913765E+01   0.8363564281381487E+03  0  1  0 -1  0  0  0  0
   12   0.4159628279141040E-05   0.6077647302244714E+01   0.2296016847207596E+04  0  5 -5  0  0  0  0  0
