4 1 10 1
    1   0.1245046723085128E-02   0.3141592653589793E+01   0.0000000000000000E+00  0  0  0  0  0  0  0  0
    2   0.1975589414013096E-04   0.3540388778084452E+01   0.1389173646147957E+04  0  0  0  2  0 -2  0  0
    3   0.1231028575289072E-04   0.9712959155280194E+00   0.6610031003734383E+03  0  0  0  2 -2  0  0  0
    4   0.7467512730405980E-05   0.3027740200086925E+01   0.9915046505601572E+03  0  0  0  3 -3  0  0  0
    5   0.5098846661514180E-05   0.5981941867419887E+00   0.2083760469221935E+04  0  0  0  3  0 -3  0  0
    6   0.5044474622853420E-05   0.5198036938148699E+01   0.3305015501867192E+03  0  0  0  1 -1  0  0  0
    7   0.4809588755287700E-05   0.2058372674937290E+00   0.7543061173932588E+03  0  0  2 -2  0  0  0  0
    8   0.4727673963003260E-05   0.5084184484645832E+01   0.1322006200746877E+04  0  0  0  4 -4  0  0  0
    9   0.4044589508141894E-05   0.2614152002392929E+00   0.8379734446853766E+03  0  1  0 -1  0  0  0  0
   10   0.3991422799327240E-05   0.1029186337468635E+00   0.3771530586966294E+03  0  0  1 -1  0  0  0  0
