7 1 109
  -0.1574686065780747E-02
   0.5269198501828300E-02   0.1803677252541800E+01   0.9810539955099672E-02
  -0.9447929974549504E-03   0.1379026805952163E+01   0.9873376502713178E-01
  -0.6016015548174626E-03   0.5858534860589942E+01   0.8892322507203211E-01
   0.5148150044366294E-03   0.3182704058493963E+01   0.1085443049822315E+00
  -0.1309800881858535E-03   0.1281528868939203E+01   0.1072766731000612E-01
   0.1186076675279319E-03   0.2325825636144398E+01   0.8893412600193221E-02
  -0.7587557241443920E-04   0.4054857608048142E+01   0.7911268511693244E-01
  -0.4394073687298339E-04   0.4986381311035763E+01   0.1183548449373311E+00
  -0.2986485373026291E-04   0.5411031757625401E+01   0.2943161986529901E-01
   0.2422130320267833E-04   0.3607354505083601E+01   0.1962107991019934E-01
   0.1721156885182891E-04   0.9749793701295940E-01   0.8800609771712566E-01
  -0.1338883184199104E-04   0.5336386476987345E+01   0.8984035242693857E-01
  -0.1302898520468604E-04   0.2660555674891366E+01   0.1094614323371379E+00
   0.1289973076525889E-04   0.1160724111900345E+01   0.9924156005528160E-02
  -0.1276260623147002E-04   0.2446630393183256E+01   0.9696923904671184E-02
  -0.1206158887296372E-04   0.1901175189554760E+01   0.9781663767222532E-01
   0.1012836012521588E-04   0.3704852442096560E+01   0.1076271776273250E+00
  -0.9589777592386616E-05   0.5761036923576983E+01   0.9171273549064512E-03
   0.7719706043802130E-05   0.2251180355506342E+01   0.6930214516183278E-01
  -0.5031578459421872E-05   0.5068732563979834E+00   0.1281653848924308E+00
  -0.4727461773298300E-05   0.2767316284539162E+01   0.1136827010127225E-01
  -0.4490169397561938E-05   0.4080979669446074E+01   0.9899519638809918E-02
   0.4445857119863126E-05   0.5809560142817107E+01   0.9721560271389426E-02
   0.3929644136581539E-05   0.8400382205444394E+00   0.8252809808927092E-02
   0.3847298333647876E-05   0.4577005991650739E+01   0.7819555776202598E-01
  -0.3502084178980730E-05   0.3532709224445545E+01   0.8002981247183889E-01
   0.2811429184555117E-05   0.7593804853366057E+00   0.1164479466491257E-01
   0.2625536042038141E-05   0.8568784223495651E+00   0.9965089238203824E-01
   0.2165574780684495E-05   0.4888883374022804E+01   0.3034874722020547E-01
   0.2190398167707681E-05   0.4464232927433166E+01   0.1192719722922376E+00
  -0.2173672397129618E-05   0.5933180141227998E+01   0.2851449251039256E-01
  -0.2086152830538867E-05   0.5508529694638360E+01   0.1174377175824247E+00
   0.1758820758802031E-05   0.5166607002175651E+01   0.9835176321817914E-02
  -0.1729303956187257E-05   0.4723932810087529E+01   0.9785903588381428E-02
   0.1628729863936739E-05   0.4475031029645411E+00   0.5949160520673310E-01
  -0.1424540056085036E-05   0.2183026940518178E+00   0.8880960902160362E-01
   0.1386736928659767E-05   0.5215581719948487E+01   0.8903684112246060E-01
   0.1373772890937228E-05   0.2539750917852507E+01   0.1086579210326600E+00
  -0.1342309573473890E-05   0.3825657199135419E+01   0.1084306889318030E+00
   0.9845757121969750E-03   0.2758053611904325E+01   0.1974675300542636E+00
   0.5722146672387600E-03   0.4137080417856488E+01   0.2962012950813954E+00
   0.3064232824160758E-03   0.5516107223808650E+01   0.3949350601085272E+00
   0.2328679324996273E-03   0.6119487225812321E+00   0.4936688251356589E+00
   0.1830222466848013E-03   0.1990975528533395E+01   0.5924025901627907E+00
   0.1428121183641368E-03   0.3370002334485558E+01   0.6911363551899224E+00
   0.1030589558021878E-03   0.4749029140437719E+01   0.7898701202170543E+00
   0.9162128151198170E-04   0.2333403165314687E+01   0.2863907551262957E+00
   0.8420360344777332E-04   0.3712429971266850E+01   0.3851245201534275E+00
   0.7477636779983881E-04   0.6128055946389881E+01   0.8886038852441861E+00
   0.6245968777723361E-04   0.5091456777219012E+01   0.4838582851805592E+00
  -0.5925277975412419E-04   0.5940757670398288E+01   0.3060118350364951E+00
  -0.5866195836719566E-04   0.3280201995506922E+01   0.1965504026993571E+00
  -0.5838551971068579E-04   0.1036599169170870E+01   0.4047456000636268E+00
   0.5517120904542451E-04   0.1223897445162464E+01   0.9873376502713178E+00
   0.5291804011662172E-04   0.1872982759915942E+00   0.5825920502076911E+00
   0.4785477163890776E-04   0.1566325081943758E+01   0.6813258152348228E+00
   0.4648293960962418E-04   0.9543763593625246E+00   0.1876569900991639E+00
  -0.4509683939781330E-04   0.2415625975123033E+01   0.5034793650907585E+00
   0.4393229670558661E-04   0.2945351887895920E+01   0.7800595802619547E+00
   0.4272829406941570E-04   0.1134097106183830E+01   0.4927516977807525E+00
   0.4154122350033837E-04   0.2602924251114628E+01   0.1086071415298450E+01
  -0.4056750796467554E-04   0.3794652781075196E+01   0.6022131301178903E+00
  -0.3857616137051121E-04   0.5173679587027357E+01   0.7009468951450221E+00
   0.3815083219130052E-04   0.4324378693848082E+01   0.8787933452890865E+00
  -0.3615550506243641E-04   0.5433884414000304E+01   0.1778464501440642E+00
  -0.3619913197295652E-04   0.2695210857999389E+00   0.7996806601721539E+00
   0.3211045925583688E-04   0.5703405499800243E+01   0.9775271103162182E+00
  -0.3191646069822739E-04   0.1648547891752100E+01   0.8984144251992857E+00
   0.3106998351274690E-04   0.3981951057066789E+01   0.1184805180325582E+01
  -0.2797299420355516E-04   0.8222280980834551E-01   0.2170886099644629E+00
  -0.2722632461441940E-04   0.3027574697704266E+01   0.9971481902264174E+00
   0.2670876942507434E-04   0.7992469985728281E+00   0.1076260875343350E+01
  -0.2297557612018265E-04   0.4406601503656427E+01   0.1095881955253549E+01
   0.2299675108056304E-04   0.5360977863018951E+01   0.1283538945352713E+01
   0.2232369387111974E-04   0.2178273804524990E+01   0.1174994640370482E+01
  -0.1940722128323030E-04   0.5785628309608589E+01   0.1194615720280681E+01
   0.1861668359762009E-04   0.3557300610477151E+01   0.1273728405397614E+01
   0.1683393793859745E-04   0.4568193617915357E+00   0.1382272710379845E+01
  -0.1635856648806699E-04   0.8814698083811701E+00   0.1293349485307813E+01
   0.1543735278843180E-04   0.4936327416429316E+01   0.1372462170424745E+01
  -0.1367379954537092E-04   0.2260496614333335E+01   0.1392083250334945E+01
  -0.1336950395903937E-04   0.1461249615760508E+01   0.3158223749915947E+00
  -0.1320526200861202E-04   0.5297259127728866E+00   0.2765802151711960E+00
   0.1271138964892950E-04   0.3216891520189780E-01   0.1471195935451877E+01
   0.1223977806847720E-04   0.1835846167743697E+01   0.1481006475406977E+01
  -0.1131018256569493E-04   0.3639523420285497E+01   0.1490817015362076E+01
  -0.1089636645498038E-04   0.4659228801459085E+01   0.2952841677264889E+00
   0.1039179172259797E-04   0.1411195721154059E+01   0.1569929700479009E+01
  -0.9298418091702524E-05   0.5018550226237658E+01   0.1589550780389208E+01
   0.8847111426033778E-05   0.3214872973695859E+01   0.1579740240434109E+01
   0.8461716341891088E-05   0.2790222527106221E+01   0.1668663465506141E+01
  -0.7901292288839958E-05   0.4561730864446125E+01   0.2072780700093633E+00
  -0.7609973567682646E-05   0.1143917250102398E+00   0.1688284545416340E+01
   0.7430427565196998E-05   0.3899728247258444E+01   0.9677165703611184E+00
   0.7356833812577206E-05   0.2520701441306281E+01   0.8689828053339868E+00
   0.7165256187015007E-05   0.5278755053210607E+01   0.1066450335388250E+01
   0.6955885415513037E-05   0.1141674635354119E+01   0.7702490403068549E+00
   0.6885291075415051E-05   0.4169249333058383E+01   0.1767397230533273E+01
   0.6614895521474710E-05   0.6045833136581537E+01   0.6715152752797231E+00
   0.6331562819397564E-05   0.4593899779648020E+01   0.1678474005461240E+01
  -0.6179612339504240E-05   0.1493418530962401E+01   0.1787018310443472E+01
   0.6131629134251356E-05   0.1753623357935350E+01   0.1263917865442514E+01
   0.5583256693630428E-05   0.3132650163887515E+01   0.1362651630469646E+01
   0.5538856606051041E-05   0.5548276139010548E+01   0.1866130995560404E+01
  -0.2676900656082160E-04   0.2148463129341690E+01   0.1095544904247980E+01
  -0.1308495447734650E-04   0.4324969183604490E+01   0.2000408834733950E+01
  -0.1249786948042500E-04   0.9654256497292940E+00   0.2962012605910000E+00
  -0.2961456426220440E-05   0.1488360573553680E+01   0.2952841654680000E+00
  -0.8783581973124320E-05   0.2826260933757870E+00   0.5894496611094870E+00
